{
 "cells": [
  {
   "cell_type": "code",
   "execution_count": 1,
   "metadata": {},
   "outputs": [],
   "source": [
    "# Import libraries\n",
    "import pandas as pd\n",
    "import matplotlib.pyplot as plt\n",
    "import numpy as np\n",
    "from sklearn.metrics import mean_absolute_error, confusion_matrix, ConfusionMatrixDisplay"
   ]
  },
  {
   "cell_type": "code",
   "execution_count": 20,
   "metadata": {},
   "outputs": [
    {
     "name": "stdout",
     "output_type": "stream",
     "text": [
      "Grade Results_NONE_UNCOLLAPSE_C11.csv\n",
      "Grade Results_NONE_COLLAPSE_C11.csv\n",
      "Grade Results_NONE_PROPAGATE_BRANCHING_C11.csv\n",
      "Grade Results_BOOLEAN_COUNT_UNCOLLAPSE_C11.csv\n",
      "Grade Results_BOOLEAN_COUNT_COLLAPSE_C11.csv\n",
      "Grade Results_BOOLEAN_COUNT_PROPAGATE_BRANCHING_C11.csv\n",
      "Grade Results_COUNTER_UNCOLLAPSE_C11.csv\n",
      "Grade Results_COUNTER_COLLAPSE_C11.csv\n",
      "Grade Results_COUNTER_PROPAGATE_BRANCHING_C11.csv\n",
      "Grade Results_DAMERAU_LD_UNCOLLAPSE_C11.csv\n",
      "Grade Results_DAMERAU_LD_COLLAPSE_C11.csv\n",
      "Grade Results_DAMERAU_LD_PROPAGATE_BRANCHING_C11.csv\n",
      "Grade Results_EXACT_UNCOLLAPSE_C11.csv\n",
      "Grade Results_EXACT_COLLAPSE_C11.csv\n",
      "Grade Results_EXACT_PROPAGATE_BRANCHING_C11.csv\n",
      "Grade Results_NONE_UNCOLLAPSE_C12.csv\n",
      "Grade Results_NONE_COLLAPSE_C12.csv\n",
      "Grade Results_NONE_PROPAGATE_BRANCHING_C12.csv\n",
      "Grade Results_BOOLEAN_COUNT_UNCOLLAPSE_C12.csv\n",
      "Grade Results_BOOLEAN_COUNT_COLLAPSE_C12.csv\n",
      "Grade Results_BOOLEAN_COUNT_PROPAGATE_BRANCHING_C12.csv\n",
      "Grade Results_COUNTER_UNCOLLAPSE_C12.csv\n",
      "Grade Results_NONE_UNCOLLAPSE_C13.csv\n",
      "Grade Results_NONE_UNCOLLAPSE_C21.csv\n",
      "Grade Results_NONE_UNCOLLAPSE_C23.csv\n",
      "Grade Results_NONE_UNCOLLAPSE_C31.csv\n",
      "Grade Results_NONE_UNCOLLAPSE_C32.csv\n"
     ]
    }
   ],
   "source": [
    "X_AXIS = 'nilai autograder'\n",
    "Y_AXIS = 'nilai manual'\n",
    "EPS = 0.001\n",
    "\n",
    "import os \n",
    "import sys\n",
    "\n",
    "module_path = os.path.abspath(os.path.join('..')) \n",
    "if module_path not in sys.path: \n",
    "    sys.path.append(module_path) \n",
    "    \n",
    "from grader.src.ged.classes.general_cost_function import RelabelMethod\n",
    "from grader.src.grader import Grader, GraphPreprocessType\n",
    "\n",
    "REAL_GRADE_FILENAME = 'Real Results.csv' \n",
    "AFILE_PREFIX = 'Grade Results_'\n",
    "def get_afilename(s):\n",
    "    return f'{AFILE_PREFIX}{s}'\n",
    "\n",
    "real_dataframe = pd.read_csv(REAL_GRADE_FILENAME)\n",
    "dataframes = {}\n",
    "for node_cost in range(1, 4):\n",
    "    for edge_cost in range(1, 4):\n",
    "        if node_cost == edge_cost and node_cost != 1:\n",
    "            continue\n",
    "        for relabel_method in RelabelMethod.__iter__():\n",
    "            for graph_preprocess_type in GraphPreprocessType.__iter__():\n",
    "                filename = get_afilename(f'{relabel_method.name}_{graph_preprocess_type.name}_C{node_cost}{edge_cost}.csv')\n",
    "                if filename not in os.listdir('./'):\n",
    "                    continue\n",
    "                print(filename)\n",
    "                dataframes[filename] = pd.read_csv(filename).rename(columns={'grade': 'nilai autograder'})\n",
    "                dataframes[filename] = pd.merge(dataframes[filename], real_dataframe, on=['nim', 'exam_name', 'number'])\n",
    "\n",
    "# dataframe = [df for df in dataframes.values()][0]\n",
    "# print(dataframe[:5])\n",
    "# # dataframe = dataframe.set_index('nim').join(real_dataframe.set_index('nim'), on='nim')\n",
    "# dataframe = pd.merge(dataframe, real_dataframe, on=['nim', 'exam_name', 'number'], )\n",
    "# print(dataframe[:5])"
   ]
  },
  {
   "cell_type": "code",
   "execution_count": 21,
   "metadata": {},
   "outputs": [],
   "source": [
    "# Correlation function\n",
    "def correlation(df):\n",
    "    return df.corr()"
   ]
  },
  {
   "cell_type": "code",
   "execution_count": 22,
   "metadata": {},
   "outputs": [],
   "source": [
    "# MAE (Mean Absolute Error) function\n",
    "def mae(df):\n",
    "    return mean_absolute_error(df[X_AXIS], df[Y_AXIS])"
   ]
  },
  {
   "cell_type": "code",
   "execution_count": 23,
   "metadata": {},
   "outputs": [],
   "source": [
    "# Linear Regression Plot function\n",
    "def linear_regression_plot(name, df):\n",
    "    m, b = np.polyfit(df[X_AXIS], df[Y_AXIS], 1)\n",
    "    print(f'Info for plot={name}: m={m}, b={b}')\n",
    "    fig, ax = plt.subplots(figsize=(8, 8), dpi=60)\n",
    "    ax.scatter(df[X_AXIS], df[Y_AXIS])\n",
    "    ax.set_title(f'Perbandingan Hasil Penilaian Menggunakan Sistem Autograder\\n dan Hasil Penilaian Manual oleh Pendidik\\n{name}')\n",
    "    ax.set_xlabel('Hasil Penilaian Menggunakan Sistem Autograder')\n",
    "    ax.set_ylabel('Hasil Penilaian Manual oleh Pendidik')\n",
    "    ax.set_xlim([0, 100])\n",
    "    ax.set_ylim([0, 100])\n",
    "    ax.set_aspect(1)\n",
    "    ax.plot(df[Y_AXIS], m * df[Y_AXIS] + b)\n",
    "    plt.show()"
   ]
  },
  {
   "cell_type": "code",
   "execution_count": 24,
   "metadata": {},
   "outputs": [],
   "source": [
    "# Confusion Matrix Plot function\n",
    "def confusion_matrix_plot(name, df):\n",
    "    bins = [10 * x - EPS for x in range(11)] + [100 + EPS]\n",
    "    labels = range(11)\n",
    "\n",
    "    cat_X = pd.cut(df[X_AXIS], bins=bins, labels=labels)\n",
    "    cat_Y = pd.cut(df[Y_AXIS], bins=bins, labels=labels)\n",
    "    categorized_grade = pd.concat([cat_X, cat_Y], axis=1)\n",
    "    \n",
    "    cm = confusion_matrix(categorized_grade[X_AXIS], categorized_grade[Y_AXIS], labels=labels)\n",
    "    disp = ConfusionMatrixDisplay(confusion_matrix=cm, display_labels=labels)\n",
    "    fig, ax = plt.subplots(figsize=(10, 8), dpi=60)\n",
    "    ax.set_title(f'Confusion Matrix Perbandingan Hasil Penilaian Menggunakan Sistem Autograder\\n dan Hasil Penilaian Manual oleh Pendidik\\n{name}')\n",
    "    disp.plot(ax=ax)\n",
    "    disp.ax_.set(xlabel=X_AXIS, ylabel=Y_AXIS)\n",
    "    plt.show()"
   ]
  },
  {
   "cell_type": "code",
   "execution_count": 25,
   "metadata": {},
   "outputs": [
    {
     "name": "stdout",
     "output_type": "stream",
     "text": [
      "Correlation of dataframe Grade Results_NONE_UNCOLLAPSE_C11.csv exam:\n",
      "                        nim  nilai autograder  nilai manual\n",
      "nim               1.000000         -0.027346     -0.059066\n",
      "nilai autograder -0.027346          1.000000      0.716872\n",
      "nilai manual     -0.059066          0.716872      1.000000 \n",
      "-----\n",
      "\n",
      "Correlation of dataframe Grade Results_NONE_COLLAPSE_C11.csv exam:\n",
      "                        nim  nilai autograder  nilai manual\n",
      "nim               1.000000         -0.006338     -0.059066\n",
      "nilai autograder -0.006338          1.000000      0.624281\n",
      "nilai manual     -0.059066          0.624281      1.000000 \n",
      "-----\n",
      "\n",
      "Correlation of dataframe Grade Results_NONE_PROPAGATE_BRANCHING_C11.csv exam:\n",
      "                        nim  nilai autograder  nilai manual\n",
      "nim               1.000000         -0.044643     -0.059066\n",
      "nilai autograder -0.044643          1.000000      0.573450\n",
      "nilai manual     -0.059066          0.573450      1.000000 \n",
      "-----\n",
      "\n",
      "Correlation of dataframe Grade Results_BOOLEAN_COUNT_UNCOLLAPSE_C11.csv exam:\n",
      "                        nim  nilai autograder  nilai manual\n",
      "nim               1.000000         -0.021859     -0.059066\n",
      "nilai autograder -0.021859          1.000000      0.722660\n",
      "nilai manual     -0.059066          0.722660      1.000000 \n",
      "-----\n",
      "\n",
      "Correlation of dataframe Grade Results_BOOLEAN_COUNT_COLLAPSE_C11.csv exam:\n",
      "                        nim  nilai autograder  nilai manual\n",
      "nim               1.000000         -0.009860     -0.059066\n",
      "nilai autograder -0.009860          1.000000      0.620289\n",
      "nilai manual     -0.059066          0.620289      1.000000 \n",
      "-----\n",
      "\n",
      "Correlation of dataframe Grade Results_BOOLEAN_COUNT_PROPAGATE_BRANCHING_C11.csv exam:\n",
      "                        nim  nilai autograder  nilai manual\n",
      "nim               1.000000         -0.042460     -0.059066\n",
      "nilai autograder -0.042460          1.000000      0.592009\n",
      "nilai manual     -0.059066          0.592009      1.000000 \n",
      "-----\n",
      "\n",
      "Correlation of dataframe Grade Results_COUNTER_UNCOLLAPSE_C11.csv exam:\n",
      "                        nim  nilai autograder  nilai manual\n",
      "nim               1.000000         -0.021859     -0.059066\n",
      "nilai autograder -0.021859          1.000000      0.722660\n",
      "nilai manual     -0.059066          0.722660      1.000000 \n",
      "-----\n",
      "\n",
      "Correlation of dataframe Grade Results_COUNTER_COLLAPSE_C11.csv exam:\n",
      "                        nim  nilai autograder  nilai manual\n",
      "nim               1.000000         -0.012849     -0.059066\n",
      "nilai autograder -0.012849          1.000000      0.638499\n",
      "nilai manual     -0.059066          0.638499      1.000000 \n",
      "-----\n",
      "\n",
      "Correlation of dataframe Grade Results_COUNTER_PROPAGATE_BRANCHING_C11.csv exam:\n",
      "                        nim  nilai autograder  nilai manual\n",
      "nim               1.000000          0.020952     -0.059066\n",
      "nilai autograder  0.020952          1.000000      0.587176\n",
      "nilai manual     -0.059066          0.587176      1.000000 \n",
      "-----\n",
      "\n",
      "Correlation of dataframe Grade Results_DAMERAU_LD_UNCOLLAPSE_C11.csv exam:\n",
      "                        nim  nilai autograder  nilai manual\n",
      "nim               1.000000         -0.021859     -0.059066\n",
      "nilai autograder -0.021859          1.000000      0.722660\n",
      "nilai manual     -0.059066          0.722660      1.000000 \n",
      "-----\n",
      "\n",
      "Correlation of dataframe Grade Results_DAMERAU_LD_COLLAPSE_C11.csv exam:\n",
      "                        nim  nilai autograder  nilai manual\n",
      "nim               1.000000         -0.010408     -0.059066\n",
      "nilai autograder -0.010408          1.000000      0.616836\n",
      "nilai manual     -0.059066          0.616836      1.000000 \n",
      "-----\n",
      "\n",
      "Correlation of dataframe Grade Results_DAMERAU_LD_PROPAGATE_BRANCHING_C11.csv exam:\n",
      "                        nim  nilai autograder  nilai manual\n",
      "nim               1.000000          0.018488     -0.059066\n",
      "nilai autograder  0.018488          1.000000      0.585532\n",
      "nilai manual     -0.059066          0.585532      1.000000 \n",
      "-----\n",
      "\n",
      "Correlation of dataframe Grade Results_EXACT_UNCOLLAPSE_C11.csv exam:\n",
      "                        nim  nilai autograder  nilai manual\n",
      "nim               1.000000         -0.022012     -0.059066\n",
      "nilai autograder -0.022012          1.000000      0.724819\n",
      "nilai manual     -0.059066          0.724819      1.000000 \n",
      "-----\n",
      "\n",
      "Correlation of dataframe Grade Results_EXACT_COLLAPSE_C11.csv exam:\n",
      "                        nim  nilai autograder  nilai manual\n",
      "nim               1.000000         -0.015925     -0.059066\n",
      "nilai autograder -0.015925          1.000000      0.633733\n",
      "nilai manual     -0.059066          0.633733      1.000000 \n",
      "-----\n",
      "\n",
      "Correlation of dataframe Grade Results_EXACT_PROPAGATE_BRANCHING_C11.csv exam:\n",
      "                        nim  nilai autograder  nilai manual\n",
      "nim               1.000000         -0.049256     -0.059066\n",
      "nilai autograder -0.049256          1.000000      0.568848\n",
      "nilai manual     -0.059066          0.568848      1.000000 \n",
      "-----\n",
      "\n",
      "Correlation of dataframe Grade Results_NONE_UNCOLLAPSE_C12.csv exam:\n",
      "                        nim  nilai autograder  nilai manual\n",
      "nim               1.000000         -0.032257     -0.059066\n",
      "nilai autograder -0.032257          1.000000      0.694879\n",
      "nilai manual     -0.059066          0.694879      1.000000 \n",
      "-----\n",
      "\n",
      "Correlation of dataframe Grade Results_NONE_COLLAPSE_C12.csv exam:\n",
      "                        nim  nilai autograder  nilai manual\n",
      "nim               1.000000               NaN     -0.059066\n",
      "nilai autograder       NaN               NaN           NaN\n",
      "nilai manual     -0.059066               NaN      1.000000 \n",
      "-----\n",
      "\n",
      "Correlation of dataframe Grade Results_NONE_PROPAGATE_BRANCHING_C12.csv exam:\n",
      "                        nim  nilai autograder  nilai manual\n",
      "nim               1.000000         -0.051906     -0.059066\n",
      "nilai autograder -0.051906          1.000000      0.533174\n",
      "nilai manual     -0.059066          0.533174      1.000000 \n",
      "-----\n",
      "\n",
      "Correlation of dataframe Grade Results_BOOLEAN_COUNT_UNCOLLAPSE_C12.csv exam:\n",
      "                        nim  nilai autograder  nilai manual\n",
      "nim               1.000000         -0.026589     -0.059066\n",
      "nilai autograder -0.026589          1.000000      0.693165\n",
      "nilai manual     -0.059066          0.693165      1.000000 \n",
      "-----\n",
      "\n",
      "Correlation of dataframe Grade Results_BOOLEAN_COUNT_COLLAPSE_C12.csv exam:\n",
      "                        nim  nilai autograder  nilai manual\n",
      "nim               1.000000         -0.018303     -0.059066\n",
      "nilai autograder -0.018303          1.000000      0.598612\n",
      "nilai manual     -0.059066          0.598612      1.000000 \n",
      "-----\n",
      "\n",
      "Correlation of dataframe Grade Results_BOOLEAN_COUNT_PROPAGATE_BRANCHING_C12.csv exam:\n",
      "                        nim  nilai autograder  nilai manual\n",
      "nim               1.000000         -0.053539     -0.059066\n",
      "nilai autograder -0.053539          1.000000      0.524080\n",
      "nilai manual     -0.059066          0.524080      1.000000 \n",
      "-----\n",
      "\n",
      "Correlation of dataframe Grade Results_COUNTER_UNCOLLAPSE_C12.csv exam:\n",
      "                        nim  nilai autograder  nilai manual\n",
      "nim               1.000000         -0.025921     -0.059066\n",
      "nilai autograder -0.025921          1.000000      0.706420\n",
      "nilai manual     -0.059066          0.706420      1.000000 \n",
      "-----\n",
      "\n",
      "Correlation of dataframe Grade Results_NONE_UNCOLLAPSE_C13.csv exam:\n",
      "                        nim  nilai autograder  nilai manual\n",
      "nim               1.000000         -0.034372     -0.059066\n",
      "nilai autograder -0.034372          1.000000      0.690848\n",
      "nilai manual     -0.059066          0.690848      1.000000 \n",
      "-----\n",
      "\n",
      "Correlation of dataframe Grade Results_NONE_UNCOLLAPSE_C21.csv exam:\n",
      "                        nim  nilai autograder  nilai manual\n",
      "nim               1.000000         -0.018912     -0.059066\n",
      "nilai autograder -0.018912          1.000000      0.737193\n",
      "nilai manual     -0.059066          0.737193      1.000000 \n",
      "-----\n",
      "\n",
      "Correlation of dataframe Grade Results_NONE_UNCOLLAPSE_C23.csv exam:\n",
      "                        nim  nilai autograder  nilai manual\n",
      "nim               1.000000         -0.030665     -0.059066\n",
      "nilai autograder -0.030665          1.000000      0.705970\n",
      "nilai manual     -0.059066          0.705970      1.000000 \n",
      "-----\n",
      "\n",
      "Correlation of dataframe Grade Results_NONE_UNCOLLAPSE_C31.csv exam:\n",
      "                        nim  nilai autograder  nilai manual\n",
      "nim               1.000000         -0.012576     -0.059066\n",
      "nilai autograder -0.012576          1.000000      0.744978\n",
      "nilai manual     -0.059066          0.744978      1.000000 \n",
      "-----\n",
      "\n",
      "Correlation of dataframe Grade Results_NONE_UNCOLLAPSE_C32.csv exam:\n",
      "                        nim  nilai autograder  nilai manual\n",
      "nim               1.000000         -0.022826     -0.059066\n",
      "nilai autograder -0.022826          1.000000      0.729235\n",
      "nilai manual     -0.059066          0.729235      1.000000 \n",
      "-----\n",
      "\n"
     ]
    }
   ],
   "source": [
    "# Print Correlations\n",
    "for name, df in dataframes.items():\n",
    "    print(f'Correlation of dataframe {name} exam:\\n', correlation(df), '\\n-----\\n')"
   ]
  },
  {
   "cell_type": "code",
   "execution_count": 26,
   "metadata": {},
   "outputs": [
    {
     "name": "stdout",
     "output_type": "stream",
     "text": [
      "MAE (Mean Absolute Error) of dataframe Grade Results_NONE_UNCOLLAPSE_C11.csv exam: 17.6393929743003\n",
      "MAE (Mean Absolute Error) of dataframe Grade Results_NONE_COLLAPSE_C11.csv exam: 22.255339751943826\n",
      "MAE (Mean Absolute Error) of dataframe Grade Results_NONE_PROPAGATE_BRANCHING_C11.csv exam: 24.618864296256177\n",
      "MAE (Mean Absolute Error) of dataframe Grade Results_BOOLEAN_COUNT_UNCOLLAPSE_C11.csv exam: 17.00562644031856\n",
      "MAE (Mean Absolute Error) of dataframe Grade Results_BOOLEAN_COUNT_COLLAPSE_C11.csv exam: 17.515894831407692\n",
      "MAE (Mean Absolute Error) of dataframe Grade Results_BOOLEAN_COUNT_PROPAGATE_BRANCHING_C11.csv exam: 18.838175661912246\n",
      "MAE (Mean Absolute Error) of dataframe Grade Results_COUNTER_UNCOLLAPSE_C11.csv exam: 17.00562644031856\n",
      "MAE (Mean Absolute Error) of dataframe Grade Results_COUNTER_COLLAPSE_C11.csv exam: 17.644675105798054\n",
      "MAE (Mean Absolute Error) of dataframe Grade Results_COUNTER_PROPAGATE_BRANCHING_C11.csv exam: 19.12320520833571\n",
      "MAE (Mean Absolute Error) of dataframe Grade Results_DAMERAU_LD_UNCOLLAPSE_C11.csv exam: 17.00562644031856\n",
      "MAE (Mean Absolute Error) of dataframe Grade Results_DAMERAU_LD_COLLAPSE_C11.csv exam: 17.666408242411027\n",
      "MAE (Mean Absolute Error) of dataframe Grade Results_DAMERAU_LD_PROPAGATE_BRANCHING_C11.csv exam: 18.636928216114683\n",
      "MAE (Mean Absolute Error) of dataframe Grade Results_EXACT_UNCOLLAPSE_C11.csv exam: 16.96663357044334\n",
      "MAE (Mean Absolute Error) of dataframe Grade Results_EXACT_COLLAPSE_C11.csv exam: 16.224645829310035\n",
      "MAE (Mean Absolute Error) of dataframe Grade Results_EXACT_PROPAGATE_BRANCHING_C11.csv exam: 17.2888927389025\n",
      "MAE (Mean Absolute Error) of dataframe Grade Results_NONE_UNCOLLAPSE_C12.csv exam: 22.077686774172033\n",
      "MAE (Mean Absolute Error) of dataframe Grade Results_NONE_COLLAPSE_C12.csv exam: 65.6534090909091\n",
      "MAE (Mean Absolute Error) of dataframe Grade Results_NONE_PROPAGATE_BRANCHING_C12.csv exam: 25.719137439196526\n",
      "MAE (Mean Absolute Error) of dataframe Grade Results_BOOLEAN_COUNT_UNCOLLAPSE_C12.csv exam: 21.636049393074334\n",
      "MAE (Mean Absolute Error) of dataframe Grade Results_BOOLEAN_COUNT_COLLAPSE_C12.csv exam: 20.481047591020495\n",
      "MAE (Mean Absolute Error) of dataframe Grade Results_BOOLEAN_COUNT_PROPAGATE_BRANCHING_C12.csv exam: 21.599388274017997\n",
      "MAE (Mean Absolute Error) of dataframe Grade Results_COUNTER_UNCOLLAPSE_C12.csv exam: 21.39103977306472\n",
      "MAE (Mean Absolute Error) of dataframe Grade Results_NONE_UNCOLLAPSE_C13.csv exam: 24.451574728606534\n",
      "MAE (Mean Absolute Error) of dataframe Grade Results_NONE_UNCOLLAPSE_C21.csv exam: 15.53589226948499\n",
      "MAE (Mean Absolute Error) of dataframe Grade Results_NONE_UNCOLLAPSE_C23.csv exam: 20.160434040169115\n",
      "MAE (Mean Absolute Error) of dataframe Grade Results_NONE_UNCOLLAPSE_C31.csv exam: 15.504990204066003\n",
      "MAE (Mean Absolute Error) of dataframe Grade Results_NONE_UNCOLLAPSE_C32.csv exam: 16.004097949721192\n"
     ]
    }
   ],
   "source": [
    "# Print MAE\n",
    "for name, df in dataframes.items():\n",
    "    print(f'MAE (Mean Absolute Error) of dataframe {name} exam: {mae(df)}')"
   ]
  },
  {
   "cell_type": "code",
   "execution_count": 27,
   "metadata": {},
   "outputs": [
    {
     "name": "stdout",
     "output_type": "stream",
     "text": [
      "Linear Regression Plot of Grade Results_NONE_UNCOLLAPSE_C11.csv exam:\n",
      "Info for plot=Grade Results_NONE_UNCOLLAPSE_C11.csv: m=0.4797739241913595, b=32.04010579179674\n"
     ]
    },
    {
     "data": {
